Gewicht in g
194
196
209
217
199
203
214
185
195
206
201
206
200
199
208
196
206
207
208
213
202
198
195
195
194
209
201
198
192
204
199
201
197
191
207
196
213
183
206
203
209
204
206
199
207
205
199
200
195
199
191
194
203
199
194
206
208
214
200
209
195
200
211
196
198
210
204
200
213
205
197
200
203
208
206
201
201
208
201
203
206
198
203
204
213
209
202
202
201
204
205
203
202
204
199
198
198
212
202
207
194
210
201
195
201
193
203
206
208
197
205
200
203
201
214
204
192
198
223
205
208
207
218
196
200
207
208
192
203
205
195
201
197
199
198
196
195
210
200
212
201
202
198
194
202
201
195
210
210
187
200
202
195
198
201
201
192
199
204
208
204
203
199
185
209
202
214
208
203
198
214
206
201
208
217
197
201
202
214
201
197
202
192
192
201
197
195
203
198
204
218
195
206
208
202
207
202
207
212
207

